-1 0.04635531924703307 0.4423941615907162
-1 0.2896165085913722 0.22892043216778535
1 0.7361474363855318 0.563771755071486
1 0.8732473479005287 0.37042359151734483
-1 0.4805210416649829 0.013944745188460783
1 0.29107089989375845 0.9601226369458513
1 0.7798348935306231 0.7192542540144174
1 0.8673083226957432 0.6844614615100212
-1 0.2757581018043268 0.5928906796466655
-1 0.4968513010610479 0.019597519458094514
1 0.3617751440065703 0.7582686122814064
1 0.5691342632703699 0.8685236729888227
1 0.8369071375123364 0.42548907087034726
-1 0.5985801260291668 0.2578041338582877
1 0.9606874203052579 0.681413033955275
-1 0.05565181644139172 0.4953353161832251
1 0.6157354435472024 0.6296177967447885
-1 0.758160878035616 0.09309986975913875
-1 0.017798091946783834 0.08390765333548456
-1 0.9003711885205797 0.028095769913000113
-1 0.1380821077865808 0.07509945635345627
1 0.9018280528450474 0.7174591889043659
-1 0.2954605527737827 0.13935813668136277
-1 0.4512265348288659 0.00857850850423203
1 0.4552721920300946 0.7456473221212584
-1 0.15955052120243995 0.2046206243293719
1 0.8236165396491995 0.6507705499298304
-1 0.4209205345363828 0.536436345838193
1 0.7939384913287416 0.4737698540232661
1 0.6766828068981444 0.5686768578571064
-1 0.028102770112917397 0.8947480141722889
-1 0.3168838119544358 0.195212707851101
-1 0.8711929761008012 0.0439650829851117
-1 0.39623173667745415 0.5997498695476658
-1 0.9040433432719234 0.016498444820251645
-1 0.1341817501254121 0.8557867455121209
-1 0.4465298752526625 0.08731945973965838
1 0.9287009539542223 0.8836484004390035
-1 0.5119512109375903 0.4870023849054381
-1 0.16167912649174843 0.36646087084082635
-1 0.43988768878529605 0.29915597636975355
1 0.22656098286026471 0.9511950502824138
-1 0.4949729555158964 0.18827399639852904
1 0.932540767107363 0.6516300999546872
1 0.9174075293755818 0.12743032775762375
1 0.9537709026964117 0.5378351391803519
-1 0.07430162581728217 0.8491044288838899
1 0.772664954144543 0.9894443418314356
-1 0.2890551880866141 0.08405766513729807
1 0.7737417834172226 0.7483689246605495
1 0.9583446519182584 0.11891810096581668
-1 0.8729167129111164 0.08735397493686015
-1 0.24981025908440047 0.4680309503650013
1 0.5230794578416045 0.9456204962524523
1 0.31248252748214345 0.9193825945612921
-1 0.3767732698103825 0.5860443430488317
-1 0.40591309021584876 0.45465491875394903
-1 0.0615238183830602 0.8965704571704768
-1 0.04685384330500808 0.11515136098673728
1 0.9665453179722654 0.3860128644188794
1 0.6025724870404545 0.939946009239259
-1 0.23182652757594135 0.18195049641886207
-1 0.08390560443687844 0.8940194109144681
-1 0.36916283410035056 0.49584944941122044
-1 0.34383168473615766 0.293239535068886
-1 0.7125034638998821 0.132158196441706
1 0.9913074566553854 0.7683038207193323
1 0.5730831841414311 0.9672716725446335
-1 0.6707639013464218 0.3055761940396502
1 0.9882569077169142 0.4281837303741566
-1 0.39371031757463715 0.3787498699465034
1 0.5030844548962826 0.7250760870395667
-1 0.5425842876161023 0.13854701918646295
-1 0.2899593489951924 0.6930114496884162
-1 0.2450045265823786 0.38454144498522913
1 0.478042656704182 0.9993000062237894
1 0.263679975963398 0.9683694894077689
1 0.505793514185187 0.80992384354173
1 0.9415795743111537 0.35379043612419003
-1 0.7557874017749933 0.20426193309075236
1 0.6784640856311513 0.8650113642982424
1 0.5345834307061857 0.8010118892701339
-1 0.1306251928142339 0.15918643668785637
1 0.7721384424970438 0.7742324544361494
-1 0.3581533978325344 0.28838539275455666
-1 0.2445793862760065 0.09648537020463199
-1 0.7950455476253347 0.1771116529443163
1 0.6004574885352201 0.46093244689438273
-1 0.6243178009873269 0.2761243144215706
1 0.8691008546631184 0.4985536419975398
-1 0.6538914450358068 0.3258631760294092
-1 0.17515116155302513 0.12219672565805073
-1 0.19568572692619357 0.10870077396878708
-1 0.20874926064974775 0.10682392392952633
1 0.8720416837200596 0.32258372180250316
-1 0.19441906177417756 0.1437738599365328
-1 0.0955540807805565 0.4317129815412316
1 0.7831569746455497 0.3846316204786626
1 0.9100624099648074 0.9078778568394485
1 0.6176385876312888 0.5368296526038882
